86
0.185 26.800 0.000 pouch
3.014 26.800 0.000 pouch
5.843 26.800 0.000 pouch
8.672 26.800 0.000 pouch
11.501 26.800 0.000 pouch
14.330 26.800 0.000 pouch
17.159 26.800 0.000 pouch
19.988 26.800 0.000 pouch
22.817 26.800 0.000 pouch
25.646 26.800 0.000 pouch
28.475 26.800 0.000 pouch
31.304 26.800 0.000 pouch
34.133 26.800 0.000 pouch
36.962 26.800 0.000 pouch
39.791 26.800 0.000 pouch
42.620 26.800 0.000 pouch
45.449 26.800 0.000 pouch
48.278 26.800 0.000 pouch
51.107 26.800 0.000 pouch
53.936 26.800 0.000 pouch
56.765 26.800 0.000 pouch
59.594 26.800 0.000 pouch
62.423 26.800 0.000 pouch
65.252 26.800 0.000 pouch
68.081 26.800 0.000 pouch
70.910 26.800 0.000 pouch
73.739 26.800 0.000 pouch
76.568 26.800 0.000 pouch
79.397 26.800 0.000 pouch
82.226 26.800 0.000 pouch
85.055 26.800 0.000 pouch
87.884 26.800 0.000 pouch
90.713 26.800 0.000 pouch
93.542 26.800 0.000 pouch
96.371 26.800 0.000 pouch
99.200 26.800 0.000 pouch
102.029 26.800 0.000 pouch
104.858 26.800 0.000 pouch
107.687 26.800 0.000 pouch
110.516 26.800 0.000 pouch
113.345 26.800 0.000 pouch
116.174 26.800 0.000 pouch
119.003 26.800 0.000 pouch
121.832 26.800 0.000 pouch
124.661 26.800 0.000 pouch
127.490 26.800 0.000 pouch
130.319 26.800 0.000 pouch
133.148 26.800 0.000 pouch
135.977 26.800 0.000 pouch
138.806 26.800 0.000 pouch
141.635 26.800 0.000 pouch
144.464 26.800 0.000 pouch
147.293 26.800 0.000 pouch
150.122 26.800 0.000 pouch
152.951 26.800 0.000 pouch
155.780 26.800 0.000 pouch
158.609 26.800 0.000 pouch
161.438 26.800 0.000 pouch
164.267 26.800 0.000 pouch
167.096 26.800 0.000 pouch
169.925 26.800 0.000 pouch
172.754 26.800 0.000 pouch
175.583 26.800 0.000 pouch
178.412 26.800 0.000 pouch
181.241 26.800 0.000 pouch
185.987 27.302 0.000 bc
191.112 31.025 0.000 bc
193.070 37.050 0.000 bc
191.112 43.075 0.000 bc
185.987 46.798 0.000 bc
174.425 47.300 0.000 peri
157.696 47.300 0.000 peri
140.967 47.300 0.000 peri
124.238 47.300 0.000 peri
107.509 47.300 0.000 peri
90.780 47.300 0.000 peri
74.051 47.300 0.000 peri
57.322 47.300 0.000 peri
40.593 47.300 0.000 peri
23.864 47.300 0.000 peri
7.135 47.300 0.000 peri
-4.561 46.798 0.000 bc
-9.686 43.075 0.000 bc
-11.644 37.050 0.000 bc
-9.686 31.025 0.000 bc
-4.561 27.302 0.000 bc
